place(23.141, 3.600, 2.773, "Military Base", 600)
upgrade(23.141, 4.463, 2.773, 300)
place(27.790, 3.600, 2.752, "Military Base", 600)
upgrade(27.790, 4.463, 2.752, 300)
place(32.361, 3.600, 2.476, "Military Base", 600)
upgrade(32.361, 4.463, 2.476, 300)
place(29.768, 3.600, -1.845, "Military Base", 600)
upgrade(29.768, 4.463, -1.845, 300)
place(4.054, 6.474, -6.570, "Ranger", 6750)
upgrade(4.054, 7.824, -6.570, 2250)
upgrade(32.361, 4.463, 2.476, 600)
upgrade(27.790, 4.463, 2.752, 600)
upgrade(23.141, 4.463, 2.773, 600)
upgrade(29.768, 4.463, -1.845, 600)
place(34.272, 3.600, -2.021, "Military Base", 600)
upgrade(34.272, 4.463, -2.021, 300)
upgrade(34.272, 4.463, -2.021, 600)
upgrade(32.361, 4.463, 2.476, 3000)
upgrade(32.361, 4.463, 2.476, 11250)
upgrade(34.272, 4.463, -2.021, 2400)
upgrade(34.272, 4.463, -2.021, 11250)
upgrade(29.768, 4.463, -1.845, 3000)
upgrade(29.768, 4.463, -1.845, 11250)
upgrade(27.790, 4.463, 2.752, 3000)
upgrade(27.790, 4.463, 2.752, 11250)
upgrade(23.141, 4.463, 2.773, 3000)
upgrade(23.141, 4.463, 2.773, 11250)
place(2.862, 1.000, -41.286, "Mercenary Base", 4125)
upgrade(2.862, 0.975, -41.286, 2025)
upgrade(2.862, 0.975, -41.286, 4125)
upgrade(2.862, 0.975, -41.286, 14475)
upgrade(2.862, 0.975, -41.286, 15000)
SetMercenaryUnit(2.862, 0.975, -41.286, "Unit 1", "Riot Guard", 314)
SetMercenaryUnit(2.862, 0.975, -41.286, "Unit 3", "Riot Guard", 814)
SetMercenaryUnit(2.862, 0.975, -41.286, "Unit 2", "Riot Guard", 814)
place(13.722, 1.000, -33.117, "Mercenary Base", 4125)
upgrade(13.722, 0.975, -33.117, 2025)
upgrade(13.722, 0.975, -33.117, 4125)
upgrade(13.722, 0.975, -33.117, 14475)
upgrade(13.722, 0.975, -33.117, 15000)
SetMercenaryUnit(13.722, 0.975, -33.117, "Unit 3", "Riot Guard", 421)
SetMercenaryUnit(13.722, 0.975, -33.117, "Unit 2", "Riot Guard", 421)
SetMercenaryUnit(13.722, 0.975, -33.117, "Unit 1", "Riot Guard", 421)
place(-1.957, 3.600, -3.389, "Mercenary Base", 4125)
upgrade(-1.957, 3.575, -3.389, 2025)
upgrade(-1.957, 3.575, -3.389, 4125)
upgrade(-1.957, 3.575, -3.389, 14475)
upgrade(-1.957, 3.575, -3.389, 15000)
upgrade(-1.957, 3.575, -3.389, 18750)
SetMercenaryUnit(-1.957, 3.575, -3.389, "Unit 1", "Riot Guard", 1989)
SetMercenaryUnit(-1.957, 3.575, -3.389, "Unit 2", "Riot Guard", 1989)
SetMercenaryUnit(-1.957, 3.575, -3.389, "Unit 3", "Riot Guard", 1989)
upgrade(32.361, 4.463, 2.476, 37500)
Airstrike(23.141, 4.463, 2.773, -1.532, 1.125, 10.408, 1, 143.090, 8483)
Airstrike(27.790, 4.463, 2.752, -5.034, 1.125, 11.800, 1, 137.951, 11656)
Airstrike(29.768, 4.463, -1.845, -9.049, 1.125, 13.052, 1, 134.589, 11656)
upgrade(27.790, 4.463, 2.752, 37500)
upgrade(23.141, 4.463, 2.773, 37500)
upgrade(29.768, 4.463, -1.845, 37500)
upgrade(34.272, 4.463, -2.021, 37500)
Airstrike(23.141, 4.463, 2.773, 11.399, 1.125, 24.266, 1, 191.390, 2529)
Airstrike(27.790, 4.463, 2.752, 23.388, 1.125, 20.070, 1, 176.807, 3987)
upgrade(-1.957, 3.575, -3.389, 67500)
Airstrike(32.361, 4.463, 2.476, 4.661, 1.125, 28.444, 1, 200.334, 15251)
Airstrike(23.141, 4.463, 2.773, 23.123, 1.125, 20.566, 1, 177.553, 15528)
AirDrop(-1.957, 3.575, -3.389, -0.412, 1.125, 36.265, 1, 16.713, 35011)
upgrade(-1.957, 3.575, -3.389, 70741)
upgrade(13.722, 0.975, -33.117, 18750)
Airstrike(23.141, 4.463, 2.773, 7.768, 1.125, 25.504, 1, 194.575, 17861)
Airstrike(27.790, 4.463, 2.752, 4.866, 1.125, 32.709, 1, 204.159, 18067)
Airstrike(32.361, 4.463, 2.476, 15.454, 1.125, 24.641, 1, 187.035, 19615)
AirDrop(-1.957, 3.575, -3.389, 4.898, 1.125, 31.037, 1, 24.491, 21308)
AirDrop(13.722, 0.975, -33.117, 9.079, 1.125, 24.953, 1, 34.756, 18808)
upgrade(13.722, 0.975, -33.117, 67500)
upgrade(2.862, 0.975, -41.286, 18750)
AirDrop(-1.957, 3.575, -3.389, -0.994, 1.125, 36.244, 1, 15.482, 11236)
AirDrop(13.722, 0.975, -33.117, 4.881, 1.125, 30.658, 1, 25.443, 11649)
Airstrike(23.141, 4.463, 2.773, -0.127, 1.125, 36.269, 1, 210.932, 26493)
Airstrike(27.790, 4.463, 2.752, 15.170, 1.125, 24.565, 1, 187.035, 29684)
upgrade(2.862, 0.975, -41.286, 67500)
place(-4.516, 6.846, -2.089, "Ranger", 6750)
place(-2.994, 6.846, 0.500, "Ranger", 6750)
place(-7.298, 6.846, -0.846, "Ranger", 6750)
place(-5.703, 6.846, 1.794, "Ranger", 6750)
upgrade(-4.516, 8.196, -2.089, 2250)
upgrade(-2.994, 8.196, 0.500, 2250)
upgrade(-7.298, 8.196, -0.846, 2250)
Airstrike(23.141, 4.463, 2.773, 4.892, 1.125, 30.905, 1, 202.202, 19616)
upgrade(-4.516, 8.196, -2.089, 8250)
upgrade(-2.994, 8.196, 0.500, 8250)
upgrade(-5.703, 8.196, 1.794, 2250)
upgrade(-5.703, 8.196, 1.794, 8250)
upgrade(-7.298, 8.196, -0.846, 8250)
AirDrop(-1.957, 3.575, -3.389, 17.581, 1.125, 25.173, 1, 42.884, 22489)
AirDrop(13.722, 0.975, -33.117, 14.023, 1.125, 24.316, 1, 39.149, 19989)
AirDrop(2.862, 0.975, -41.286, 18.646, 1.125, 25.219, 1, 43.491, 19077)
place(-10.274, 6.846, 0.198, "Ranger", 6750)
place(-8.618, 6.846, 2.946, "Ranger", 6750)
place(4.754, 6.474, -9.528, "Ranger", 6750)
upgrade(4.754, 7.824, -9.528, 2250)
upgrade(4.754, 7.824, -9.528, 8250)
upgrade(4.054, 7.824, -6.570, 8250)
Airstrike(27.790, 4.463, 2.752, 13.508, 1.125, 24.221, 1, 188.496, 5168)
Airstrike(23.141, 4.463, 2.773, 15.846, 1.125, 24.745, 1, 187.035, 9262)
Airstrike(29.768, 4.463, -1.845, 20.100, 1.125, 23.624, 1, 181.782, 11059)
upgrade(-4.516, 8.196, -2.089, 23625)
upgrade(-7.298, 8.196, -0.846, 23625)
upgrade(-10.274, 8.196, 0.198, 2250)
upgrade(-8.618, 8.196, 2.946, 2250)
upgrade(4.054, 7.824, -6.570, 23625)
AirDrop(-1.957, 3.575, -3.389, 4.890, 1.125, 30.862, 1, 25.443, 13320)
AirDrop(13.722, 0.975, -33.117, 1.141, 1.125, 36.202, 1, 17.751, 18748)
upgrade(4.754, 7.824, -9.528, 23625)
Airstrike(23.141, 4.463, 2.773, -0.838, 1.125, 36.252, 1, 212.162, 19605)
AirDrop(2.862, 0.975, -41.286, 3.838, 1.125, 34.877, 1, 20.951, 32026)
upgrade(-8.618, 8.196, 2.946, 8250)
upgrade(-8.618, 8.196, 2.946, 23625)
upgrade(-10.274, 8.196, 0.198, 8250)
upgrade(-5.703, 8.196, 1.794, 23625)
upgrade(-2.994, 8.196, 0.500, 23625)
Airstrike(27.790, 4.463, 2.752, 14.226, 1.125, 9.462, 1, 158.451, 18586)
place(-1.568, 3.600, 4.608, "Turret", 12375)
place(2.344, 3.600, 3.303, "Turret", 12375)
upgrade(-1.568, 4.230, 4.608, 4875)
upgrade(2.344, 4.230, 3.303, 4875)
upgrade(2.344, 4.230, 3.303, 11250)
AirDrop(-1.957, 3.575, -3.389, -6.481, 1.125, 12.338, 1, 89.693, 36681)
Airstrike(23.141, 4.463, 2.773, 2.012, 1.125, 9.124, 1, 145.617, 40612)
upgrade(-1.568, 4.230, 4.608, 11250)
upgrade(-1.568, 4.230, 4.608, 30000)
upgrade(2.344, 4.230, 3.303, 30000)
AirDrop(13.722, 0.975, -33.117, 2.302, 1.125, 35.884, 1, 18.630, 20579)
AirDrop(2.862, 0.975, -41.286, 4.847, 1.125, 29.388, 1, 26.233, 22279)
Airstrike(27.790, 4.463, 2.752, -5.934, 1.125, 37.524, 1, 217.490, 19779)
Airstrike(32.361, 4.463, 2.476, 1.353, 1.125, 36.173, 1, 209.894, 37468)
upgrade(2.344, 4.230, 3.303, 52500)
Airstrike(23.141, 4.463, 2.773, 23.347, 1.125, 20.157, 1, 176.807, 59840)
AirDrop(-1.957, 3.575, -3.389, 0.305, 1.125, 9.690, 1, 82.027, 63632)
upgrade(-1.568, 4.230, 4.608, 52500)
place(5.449, 3.600, 0.271, "Turret", 12375)
upgrade(5.449, 4.230, 0.271, 4875)
upgrade(5.449, 4.230, 0.271, 11250)
upgrade(5.449, 4.230, 0.271, 30000)
AirDrop(13.722, 0.975, -33.117, 4.887, 1.125, 30.791, 1, 25.443, 28476)
AirDrop(2.862, 0.975, -41.286, 10.250, 1.125, 24.541, 1, 34.756, 26363)
Airstrike(23.141, 4.463, 2.773, 4.883, 1.125, 32.478, 1, 204.159, 24463)
AirDrop(-1.957, 3.575, -3.389, 22.742, 1.125, 21.140, 1, 49.335, 26260)
Airstrike(27.790, 4.463, 2.752, 7.289, 1.125, 25.715, 1, 194.575, 30058)
upgrade(5.449, 4.230, 0.271, 52500)
Airstrike(29.768, 4.463, -1.845, 24.116, 1.125, 16.040, 1, 172.880, 65454)
upgrade(5.449, 4.230, 0.271, 112500)
Airstrike(32.361, 4.463, 2.476, 13.868, 1.125, 24.287, 1, 188.496, 30242)
Airstrike(34.272, 4.463, -2.021, 17.976, 1.125, 10.174, 1, 161.314, 55999)
Airstrike(23.141, 4.463, 2.773, 20.719, 1.125, 10.912, 1, 165.992, 63405)
AirDrop(-1.957, 3.575, -3.389, 0.666, 1.125, 9.570, 1, 82.027, 62905)
AirDrop(13.722, 0.975, -33.117, -3.947, 1.125, 11.375, 1, 87.219, 68295)
upgrade(2.344, 4.230, 3.303, 112500)
AirDrop(2.862, 0.975, -41.286, -2.943, 1.125, 10.971, 1, 87.219, 25434)
Airstrike(27.790, 4.463, 2.752, 15.005, 1.125, 9.596, 1, 158.451, 22934)
Airstrike(29.768, 4.463, -1.845, -10.637, 1.125, 13.153, 1, 133.532, 54736)
Airstrike(23.141, 4.463, 2.773, -17.667, 1.125, 8.263, 1, 124.426, 59733)
AirDrop(-1.957, 3.575, -3.389, -16.869, 1.125, -4.984, 1, 118.262, 60833)
upgrade(-1.568, 4.230, 4.608, 112500)
upgrade(4.054, 7.824, -6.570, 37500)
upgrade(4.754, 7.824, -9.528, 37500)
upgrade(-4.516, 8.196, -2.089, 37500)
upgrade(-2.994, 8.196, 0.500, 37500)
AirDrop(13.722, 0.975, -33.117, 4.857, 1.125, 30.157, 1, 25.443, 12981)
AirDrop(2.862, 0.975, -41.286, 2.981, 1.125, 35.539, 1, 19.442, 18186)
AirDrop(-1.957, 3.575, -3.389, 5.939, 1.125, 26.413, 1, 31.377, 29177)
Airstrike(23.141, 4.463, 2.773, 7.254, 1.125, 25.730, 1, 194.575, 59866)
Airstrike(27.790, 4.463, 2.752, 15.670, 1.125, 24.698, 1, 187.035, 93640)
upgrade(-7.298, 8.196, -0.846, 37500)
upgrade(-5.703, 8.196, 1.794, 37500)
upgrade(-8.618, 8.196, 2.946, 37500)
upgrade(-10.274, 8.196, 0.198, 23625)
upgrade(-10.274, 8.196, 0.198, 37500)
AirDrop(13.722, 0.975, -33.117, 20.228, 1.125, 23.510, 1, 45.862, 28239)
AirDrop(-1.957, 3.575, -3.389, 24.075, 1.125, 17.627, 1, 53.081, 25739)
place(-3.063, 1.000, -40.333, "Pursuit", 7500)
place(-3.051, 1.000, -37.146, "Pursuit", 7500)
place(-1.080, 1.000, -34.239, "Pursuit", 7500)
place(2.788, 1.000, -34.088, "Pursuit", 7500)
place(6.270, 1.000, -34.123, "Pursuit", 7500)
place(9.953, 1.000, -34.016, "Pursuit", 7500)
place(10.984, 1.000, -40.341, "Pursuit", 7500)
upgrade(-1.080, 1.834, -34.239, 2625)
upgrade(-1.080, 1.834, -34.239, 4500)
upgrade(-1.080, 1.834, -34.239, 7500)
upgrade(-1.080, 1.834, -34.239, 27000)
upgrade(-3.063, 1.834, -40.333, 2625)
upgrade(-3.063, 1.834, -40.333, 4500)
upgrade(-3.063, 1.834, -40.333, 7500)
upgrade(-3.063, 1.834, -40.333, 27000)
upgrade(-3.063, 1.834, -40.333, 67500)
upgrade(-3.051, 1.834, -37.146, 2625)
upgrade(-3.051, 1.834, -37.146, 4500)
upgrade(-3.051, 1.834, -37.146, 7500)
upgrade(2.788, 1.834, -34.088, 2625)
upgrade(2.788, 1.834, -34.088, 4500)
upgrade(6.270, 1.834, -34.123, 2625)
upgrade(6.270, 1.834, -34.123, 4500)
upgrade(6.270, 1.834, -34.123, 7500)
upgrade(6.270, 1.834, -34.123, 27000)
AirDrop(2.862, 0.975, -41.286, -0.879, 1.125, 10.150, 1, 84.555, 49923)
Airstrike(23.141, 4.463, 2.773, 8.080, 1.125, 8.585, 1, 153.541, 48525)
upgrade(9.953, 1.834, -34.016, 2625)
upgrade(9.953, 1.834, -34.016, 4500)
upgrade(9.953, 1.834, -34.016, 7500)
upgrade(2.788, 1.834, -34.088, 7500)
upgrade(2.788, 1.834, -34.088, 27000)
upgrade(2.788, 1.834, -34.088, 67500)
upgrade(2.788, 1.834, -34.088, 9988)
AirDrop(-1.957, 3.575, -3.389, -18.018, 1.125, -3.893, 1, 115.881, 15682)
Airstrike(27.790, 4.463, 2.752, -13.772, 1.125, 11.929, 1, 130.741, 18679)
SetMercenaryUnit(-1.957, 3.575, -3.389, "Unit 3", "Rifleman", 185421)
SetMercenaryUnit(-1.957, 3.575, -3.389, "Unit 2", "Rifleman", 185421)
SetMercenaryUnit(-1.957, 3.575, -3.389, "Unit 1", "Rifleman", 185421)
SetMercenaryUnit(13.722, 0.975, -33.117, "Unit 1", "Rifleman", 185421)
SetMercenaryUnit(13.722, 0.975, -33.117, "Unit 2", "Rifleman", 185421)
SetMercenaryUnit(13.722, 0.975, -33.117, "Unit 3", "Field Medic", 185421)
SetMercenaryUnit(2.862, 0.975, -41.286, "Unit 3", "Rifleman", 185421)
SetMercenaryUnit(2.862, 0.975, -41.286, "Unit 2", "Rifleman", 185421)
SetMercenaryUnit(2.862, 0.975, -41.286, "Unit 1", "Field Medic", 185421)
AirDrop(13.722, 0.975, -33.117, -0.654, 1.125, -17.830, 1, 139.894, 185421)
AirDrop(2.862, 0.975, -41.286, 2.085, 1.125, -19.367, 1, 144.416, 182921)
upgrade(-3.063, 1.834, -40.333, 188021)
upgrade(-3.063, 1.834, -40.333, 167049)
upgrade(-3.063, 1.834, -40.333, 99408)
upgrade(-3.063, 1.834, -40.333, 99415)
upgrade(2.788, 1.834, -34.088, 101358)
upgrade(2.788, 1.834, -34.088, 36269)
upgrade(9.953, 1.834, -34.016, 27000)
upgrade(9.953, 1.834, -34.016, 67500)
Airstrike(23.141, 4.463, 2.773, 4.857, 1.125, 32.829, 1, 204.159, 22818)
AirDrop(-1.957, 3.575, -3.389, -15.783, 1.125, -5.653, 1, 118.262, 25518)
Airstrike(27.790, 4.463, 2.752, 4.906, 1.125, 31.437, 1, 203.153, 39313)
upgrade(-3.051, 1.834, -37.146, 27000)
upgrade(-3.051, 1.834, -37.146, 67500)
upgrade(-3.051, 1.834, -37.146, 36815)
upgrade(-3.051, 1.834, -37.146, 36815)
upgrade(-3.051, 1.834, -37.146, 36815)
upgrade(-3.051, 1.834, -37.146, 36815)
upgrade(6.270, 1.834, -34.123, 67500)
upgrade(6.270, 1.834, -34.123, 10230)
upgrade(6.270, 1.834, -34.123, 9818)
Airstrike(29.768, 4.463, -1.845, 7.972, 1.125, 25.415, 1, 194.575, 11432)
Airstrike(32.361, 4.463, 2.476, 4.621, 1.125, 33.775, 1, 205.947, 42915)
Airstrike(34.272, 4.463, -2.021, 11.934, 1.125, 24.166, 1, 189.985, 42415)
upgrade(6.270, 1.834, -34.123, 99935)
upgrade(-1.080, 1.834, -34.239, 67500)
AirDrop(13.722, 0.975, -33.117, -5.564, 1.125, -9.449, 1, 129.436, 37315)
AirDrop(2.862, 0.975, -41.286, -5.775, 1.125, -9.361, 1, 129.436, 34815)
upgrade(9.953, 1.834, -34.016, 81965)
AirDrop(-1.957, 3.575, -3.389, -6.853, 1.125, -8.911, 1, 129.436, 19427)
Airstrike(23.141, 4.463, 2.773, 8.184, 1.125, 25.322, 1, 194.575, 21965)
Airstrike(27.790, 4.463, 2.752, 4.778, 1.125, 28.772, 1, 200.822, 29465)
Airstrike(32.361, 4.463, 2.476, 3.174, 1.125, 35.428, 1, 207.437, 37965)
upgrade(-3.051, 1.834, -37.146, 75465)
Airstrike(29.768, 4.463, -1.845, 4.823, 1.125, 33.055, 1, 205.116, 12965)
Airstrike(34.272, 4.463, -2.021, 3.148, 1.125, 35.449, 1, 208.203, 19065)
AirDrop(13.722, 0.975, -33.117, -8.129, 1.125, -8.455, 1, 127.532, 120668)
AirDrop(2.862, 0.975, -41.286, -7.476, 1.125, -8.681, 1, 127.532, 124105)
Airstrike(23.141, 4.463, 2.773, 1.850, 1.125, 36.049, 1, 209.015, 187205)
AirDrop(-1.957, 3.575, -3.389, -19.164, 1.125, -1.762, 1, 113.324, 202305)
Airstrike(27.790, 4.463, 2.752, 3.341, 1.125, 35.297, 1, 207.437, 213805)
Airstrike(32.361, 4.463, 2.476, -2.494, 1.125, 36.194, 1, 213.461, 227305)
Airstrike(29.768, 4.463, -1.845, -1.102, 1.125, 36.239, 1, 212.162, 274805)
Airstrike(34.272, 4.463, -2.021, 3.607, 1.125, 35.088, 1, 207.437, 314705)
AirDrop(13.722, 0.975, -33.117, -18.428, 1.125, 7.181, 1, 103.219, 396996)
AirDrop(2.862, 0.975, -41.286, -18.562, 1.125, 6.964, 1, 104.280, 394645)
Airstrike(23.141, 4.463, 2.773, 8.869, 1.125, 25.027, 1, 192.888, 410145)
Airstrike(27.790, 4.463, 2.752, 6.830, 1.125, 25.950, 1, 196.268, 425304)
Airstrike(32.361, 4.463, 2.476, 4.895, 1.125, 30.959, 1, 201.412, 427145)
AirDrop(-1.957, 3.575, -3.389, -4.673, 1.125, -9.911, 1, 130.778, 426645)
Airstrike(29.768, 4.463, -1.845, 14.027, 1.125, 24.317, 1, 187.035, 522145)
Airstrike(34.272, 4.463, -2.021, 22.029, 1.125, 21.935, 1, 179.129, 535645)
AirDrop(13.722, 0.975, -33.117, -9.958, 1.125, 13.155, 1, 93.056, 594345)
AirDrop(2.862, 0.975, -41.286, -9.958, 1.125, 13.155, 1, 93.056, 591845)
Airstrike(23.141, 4.463, 2.773, 24.035, 1.125, 17.947, 1, 174.563, 589345)
Airstrike(27.790, 4.463, 2.752, 24.120, 1.125, 16.944, 1, 173.752, 588845)
Airstrike(32.361, 4.463, 2.476, 24.120, 1.125, 16.939, 1, 173.752, 588345)
AirDrop(-1.957, 3.575, -3.389, -7.553, 1.125, 12.676, 1, 91.661, 588395)
Airstrike(29.768, 4.463, -1.845, 15.761, 1.125, 9.729, 1, 161.314, 591845)
Airstrike(34.272, 4.463, -2.021, 13.252, 1.125, 9.295, 1, 158.451, 591131)
Airstrike(23.141, 4.463, 2.773, 7.859, 1.125, 8.563, 1, 153.541, 595745)
AirDrop(13.722, 0.975, -33.117, -19.363, 1.125, -1.272, 1, 113.324, 595245)
AirDrop(2.862, 0.975, -41.286, -15.326, 1.125, -5.858, 1, 120.168, 593020)
Airstrike(27.790, 4.463, 2.752, 1.630, 1.125, 9.250, 1, 145.617, 595970)
Airstrike(32.361, 4.463, 2.476, -1.011, 1.125, 10.203, 1, 143.090, 595470)
AirDrop(-1.957, 3.575, -3.389, -3.582, 1.125, -10.618, 1, 132.595, 597545)
Airstrike(29.768, 4.463, -1.845, -8.939, 1.125, 13.039, 1, 134.589, 596470)
Airstrike(34.272, 4.463, -2.021, -8.879, 1.125, 13.033, 1, 134.589, 595970)
Airstrike(23.141, 4.463, 2.773, -15.723, 1.125, 10.409, 1, 126.917, 604670)
SetMercenaryUnit(-1.957, 3.575, -3.389, "Unit 3", "Riot Guard", 604170)
SetMercenaryUnit(-1.957, 3.575, -3.389, "Unit 2", "Riot Guard", 604170)
SetMercenaryUnit(-1.957, 3.575, -3.389, "Unit 1", "Riot Guard", 604170)
SetMercenaryUnit(13.722, 0.975, -33.117, "Unit 2", "Riot Guard", 604170)
SetMercenaryUnit(13.722, 0.975, -33.117, "Unit 1", "Riot Guard", 604170)
SetMercenaryUnit(2.862, 0.975, -41.286, "Unit 3", "Riot Guard", 604170)
SetMercenaryUnit(2.862, 0.975, -41.286, "Unit 2", "Riot Guard", 604170)
SetMercenaryUnit(2.862, 0.975, -41.286, "Unit 1", "Riot Guard", 604170)
Airstrike(27.790, 4.463, 2.752, -19.929, 1.125, 2.172, 1, 118.457, 604170)
Airstrike(32.361, 4.463, 2.476, -19.929, 1.125, 2.197, 1, 118.457, 603670)
AirDrop(13.722, 0.975, -33.117, -2.400, 1.125, -11.872, 1, 133.343, 605467)
AirDrop(2.862, 0.975, -41.286, -2.628, 1.125, -11.559, 1, 133.343, 602967)
AirDrop(-1.957, 3.575, -3.389, -1.325, 1.125, -13.973, 1, 135.956, 600467)
Airstrike(29.768, 4.463, -1.845, -13.403, 1.125, -6.652, 1, 105.078, 616216)
Airstrike(34.272, 4.463, -2.021, -15.709, 1.125, -5.689, 1, 107.476, 615910)
Airstrike(23.141, 4.463, 2.773, -9.515, 1.125, -7.978, 1, 102.512, 626101)
Airstrike(27.790, 4.463, 2.752, -1.853, 1.125, -12.724, 1, 92.615, 641908)
Airstrike(32.361, 4.463, 2.476, -4.319, 1.125, -10.109, 1, 96.867, 641408)
AirDrop(13.722, 0.975, -33.117, 16.601, 1.125, -13.885, 1, 164.600, 640908)
AirDrop(-1.957, 3.575, -3.389, 22.315, 1.125, -13.774, 1, 170.412, 638408)
AirDrop(2.862, 0.975, -41.286, 24.524, 1.125, -14.420, 1, 172.153, 634129)
Airstrike(29.768, 4.463, -1.845, 20.243, 1.125, -13.682, 1, 59.952, 668639)
Airstrike(34.272, 4.463, -2.021, 19.449, 1.125, -13.721, 1, 59.952, 668139)
sell(-1.568, 4.230, 4.608)
sell(2.344, 4.230, 3.303)
place(10.553, 1.000, -27.958, "Turret", 12375)
upgrade(10.553, 1.630, -27.958, 4875)
upgrade(10.553, 1.630, -27.958, 11250)
upgrade(10.553, 1.630, -27.958, 30000)
upgrade(10.553, 1.630, -27.958, 52500)
upgrade(10.553, 1.630, -27.958, 112500)
upgrade(10.553, 1.630, -27.958, 597706)
upgrade(10.553, 1.630, -27.958, 596824)
place(7.182, 1.000, -24.033, "Turret", 12375)
upgrade(7.182, 1.630, -24.033, 4875)
upgrade(7.182, 1.630, -24.033, 11250)
upgrade(7.182, 1.630, -24.033, 30000)
upgrade(7.182, 1.630, -24.033, 52500)
upgrade(7.182, 1.630, -24.033, 112500)
upgrade(7.182, 1.630, -24.033, 393599)
Airstrike(23.141, 4.463, 2.773, 6.201, 1.125, -36.727, 1, 12.161, 394418)
